577
470
84
34
56
446
793
117
336
627
722
128
623
192
313
610
76
31
887
16
891
359
298
963
166
595
815
129
827
571
356
902
234
922
442
482
920
395
680
732
844
451
113
425
174
693
330
147
529
615
918
272
972
85
587
347
974
976
348
73
556
977
964
676
157
347
947
472
45
899
192
726
968
687
153
274
588
515
465
493
47
428
485
860
267
954
930
305
844
618
413
44
831
554
710
670
320
281
212
890
692
645
835
180
187
487
419
848
805
687
531
932
626
221
833
398
573
782
153
821
322
674
693
901
259
14
849
839
65
845
346
412
318
90
772
273
749
13
169
764
412
553
724
798
973
29
28
366
511
473
375
697
906
414
111
517
449
510
597
650
347
559
40
342
910
577
843
262
304
761
437
368
793
296
643
72
735
970
711
16
309
720
958
47
406
239
816
1
851
426
322
729
672
78
310
130
999
952
591
383
553
837
677
259
494
528
359
447
252
650
604
467
117
577
127
354
945
223
581
563
466
736
583
841
984
173
3
808
442
658
106
106
833
652
594
837
253
238
546
906
460
145
203
396
548
426
985
310
122
468
988
704
575
53
391
433
671
466
367
274
855
502
574
243
507
871
51
747
482
281
484
591
597
873
305
861
781
446
130
841
235
391
7
565
603
195
109
765
237
658
515
899
389
55
94
269
812
903
329
757
73
508
202
215
10
152
526
60
53
674
993
542
74
343
698
305
145
902
349
352
532
38
867
11
425
137
507
797
684
372
448
303
348
77
408
220
535
729
326
723
683
836
988
473
964
863
785
916
773
806
121
503
786
334
834
304
892
367
994
631
938
854
483
101
535
594
393
46
169
706
13
812
849
267
462
264
384
602
245
860
836
197
433
209
624
172
780
419
823
380
770
398
245
986
52
555
694
578
972
396
975
61
196
968
461
518
250
308
261
749
959
457
601
480
989
564
689
209
826
757
344
798
660
69
699
893
358
194
439
473
151
339
702
554
643
951
443
668
547
907
145
734
306
769
245
474
769
661
682
765
681
735
457
704
218
892
331
715
36
361
739
769
683
415
831
746
565
511
231
342
532
148
728
665
985
418
510
706
444
305
3
623
334
957
803
558
2
626
815
218
527
280
249
86
515
822
717
344
562
519
871
243
449
989
437
773
623
58
58
102
936
88
610
454
8
259
187
212
349
839
719
768
728
423
214
873
951
741
283
195
539
426
287
101
346
942
813
686
639
140
925
155
367
632
246
79
48
282
893
437
901
844
368
133
149
71
143
154
897
48
791
777
29
257
358
561
259
645
806
655
131
949
857
531
428
966
225
892
570
705
661
705
630
528
410
972
448
36
86
253
252
606
506
918
862
148
869
117
137
483
300
431
663
190
147
748
110
299
24
110
588
676
851
382
987
829
713
897
219
366
115
704
669
732
713
517
519
727
716
27
885
904
951
345
669
405
741
627
387
779
248
968
740
111
215
978
89
546
105
907
105
26
907
678
807
341
998
107
882
695
849
421
644
46
31
119
406
62
20
155
628
520
9
791
61
700
251
255
47
441
722
942
635
926
266
875
424
656
851
27
57
115
91
944
706
829
458
566
752
538
2
706
773
709
107
671
814
971
427
75
587
269
605
646
799
762
741
974
291
226
600
499
159
847
645
380
973
866
705
225
743
565
610
20
654
778
872
763
113
891
53
783
206
512
236
511
849
672
914
822
591
381
136
658
201
85
176
15
200
560
725
432
216
574
292
734
571
570
948
992
86
638
17
843
758
722
646
816
998
417
646
646
389
972
696
92
362
623
816
700
97
465
3
621
452
212
429
551
990
305
333
185
477
261
400
966
725
413
952
573
873
661
290
373
719
468
776
657
841
919
92
917
9
166
12
794
891
856
192
295
329
884
794
677
680
819
653
197
242
730
189
139
607
41
206
610
294
215
961
885
455
396
827
528
144
852
70
801
69
256
124
342
454
60
710
228
842
581
415
335
672
707
467
802
913
133
206
40
147
248
769
749
511
569
268
984
532
143
844
151
824
170
338
38
796
852
958
674
551
848
497
553
259
329
241
894
174
955
974
808
964
857
941
741
564
430
311
937
905
231
382
752
873
269
907
180
764
308
20
569
524
261
452
943
93
760
754
184
892
619
811
161
648
643
610
10
886
309
290
137
876
205
891
837
227
923
331
726
711
629
659
990
651
440
121
236
893
198
281
280
837
96
335
770
330
843
423
794
530
201
661
905
335
344
865
419
164
300
866
904
180
422
619
617
744
332
81
662
658
255
95
814
738
329
614
739
851
464
254
466
866
304
684
368
860
755
569
744
917
152
297
774
841
700
467
173
458
960
648
888
63
817
229
882
413
625
975
805
668
78
882
141
710
910
454
289
502
63
237
111
632
740
153
405
74
786
88
739
984
454
611
417
291
46
172
839
145
266
826
430
434
434
594
16
538
581
599
10
196
387
661
671
496
870
537
928
958
101
346
365
168
195
177
192
90
482
837
470
